2 5.913179975323146e-05
5 6.810459981352324e-05
10 7.06353999703424e-05
12 7.918180053820834e-05
15 7.104309970600298e-05
20 0.00010617299976729555
30 0.0001979380000193487
40 0.00022380320024240064
45 0.00024800219980534164
50 0.0002800784004648449
55 0.0002821103998940089
60 0.0003722273999301251
75 0.0005886123997697723
100 0.0008119867005007108
125 0.0013081135002721567
160 0.0018721327998719062
200 0.001888305499960552
250 0.0032746347998909185
350 0.005175604999931238
500 0.011866526800258726
600 0.0222244809001495
800 0.04945399259977421
1000 0.08503284249982243
2000 0.4985974535999048
5000 6.289291830399816
10000 58.891163643699656
