2 3.5051899976679125e-05
5 3.173769982822705e-05
10 3.538679993653204e-05
12 4.050700026709819e-05
15 3.721410012076376e-05
20 5.0816999828384726e-05
30 6.800770042900695e-05
40 7.961549981700955e-05
45 9.52980997681152e-05
50 9.343759993498679e-05
55 0.00010472849990037503
60 0.0001072864997695433
75 0.0001885222998680547
100 0.00033969719988817814
125 0.00044719680008711296
160 0.0005459616997541162
200 0.0008171994000804262
250 0.0010542688998611994
350 0.002169556200351508
500 0.004787097300140886
600 0.008220512899788446
800 0.018174883499887072
1000 0.030173827199905644
2000 0.1621434127997418
5000 1.742697076100012
10000 14.97451402309962
