2 9.219219973601866e-05
5 0.0001002255994535517
10 0.00010132280040124897
12 0.0001255701994523406
15 0.0001347240002360195
20 0.00010573039944574702
30 0.00012936780040035957
40 0.000162780799655593
45 0.0001664970001002075
50 0.00019202859984943644
55 0.00017349719964840916
60 0.00020926839970343282
75 0.00023989180044736713
100 0.0003924711996660335
125 0.0007134628001949749
160 0.0008818458001769614
200 0.0012389867999445415
250 0.0018245864001073641
350 0.0031183556002361
500 0.005252034600198385
600 0.009094816800279659
800 0.023894100599136436
1000 0.048513134200402416
2000 0.22982775379969098
5000 1.9805716357994243
10000 11.072270060999653
