2 0.00026700600028561894
5 0.0002313225999387214
10 0.0003090731999691343
12 0.0003007335999427596
15 0.00029777679992548656
20 0.0003398936001758557
30 0.00025862539951049257
40 0.00028804159992432685
45 0.00027278299967292696
50 0.0003407428001082735
55 0.0003860596007143613
60 0.00045690779988944997
75 0.00026408840021758807
100 0.0003180100000463426
125 0.0005243691994110122
160 0.0009008815999550279
200 0.0007113202002074104
250 0.005609028599792509
350 0.0020251845999155194
500 0.005050845000732806
600 0.008057734400063054
800 0.017086209999251877
1000 0.03768021879986918
2000 0.20362286320014392
5000 2.0826783733999035
10000 12.879530331599744
