2 3.614880006352905e-05
5 3.108959972450975e-05
10 3.916419991583098e-05
12 3.660779948404525e-05
15 3.605220008466859e-05
20 4.930739960400388e-05
30 6.107340013841167e-05
40 6.753580055374186e-05
45 8.089300026767888e-05
50 8.396820012421813e-05
55 9.745999959704932e-05
60 0.0001101566002034815
75 0.00014318180037662387
100 0.00019303419976495205
125 0.00032081320059660354
160 0.0005438289994344814
200 0.00040585740061942487
250 0.0012619519995496376
350 0.0013693201992282412
500 0.0031188693996227813
600 0.007064521999564022
800 0.015221397999994224
1000 0.0350707212000998
2000 0.14467234740004642
5000 1.5655370301999938
10000 10.16110295119979
