2 0.0001057874000252923
5 0.00011973820001003333
10 0.00010511679938645102
12 9.692320054455195e-05
15 0.00011144760028400925
20 9.522439941065386e-05
30 8.695039978192653e-05
40 0.00013727799996559041
45 0.00011928219973924569
50 0.00011746179952751846
55 0.00012865639946539885
60 0.0002239679997728672
75 0.00020948759956809226
100 0.000261660800606478
125 0.0005065733996161726
160 0.0004783619999216171
200 0.00046499420059262773
250 0.0008151548001478659
350 0.001215384399984032
500 0.0032208934004302136
600 0.0045114479999028845
800 0.014752404399769149
1000 0.03191704339988064
2000 0.14332886579977638
5000 1.4325631581999914
10000 8.427615315000002
