2 0.00017526400006318
5 0.0001843127996835392
10 0.00015179779984464403
12 0.00016555619949940593
15 0.00011438839974289294
20 0.00010270020065945573
30 0.00011305540028843098
40 0.00020475040037126746
45 0.00018545319981058128
50 0.00012459780009521637
55 0.00013508919982996304
60 0.00035842059951392003
75 0.0002628965998155763
100 0.0002696183997613844
125 0.0004208030011795927
160 0.000592694599981769
200 0.0005625758003588999
250 0.0010481879995495546
350 0.0024236789999122267
500 0.0030562576001102572
600 0.00461691160016926
800 0.014821841399680125
1000 0.03078431339963572
2000 0.14650938919985493
5000 1.4300540305994218
10000 8.41890182339921
