2 6.28959995083278e-05
5 5.412219979916699e-05
10 7.404460047837347e-05
12 6.827040015195962e-05
15 6.857640037196688e-05
20 8.150259964168072e-05
30 0.000245491199530079
40 0.0003115288000117289
45 0.0003035207999346312
50 0.0002557181996962754
55 0.0002714851998462109
60 0.00030221619963413107
75 0.0004746059996250551
100 0.0005951917999482248
125 0.001057818600020255
160 0.0013574874003097648
200 0.0011562809999304592
250 0.003999067800032207
350 0.006826963200364844
500 0.011619663600504282
600 0.01940206159997615
800 0.04294829220016254
1000 0.0772257227999944
2000 0.4347971167997457
5000 5.4493006445998615
10000 40.07311100219995
